IIT-Bombay
Computer Science : 11
8 15 74 86 139 140 198 210 238 244 259 
Mechanical : 13
80 82 98 103 105 106 165 249 314 360 363 398 407 
Electrical : 16
7 22 27 30 34 42 170 181 187 228 236 243 275 277 305 325 
------------------------------------------------------------------------------------
IIT-Roorkee
Computer Science : 14
26 40 43 87 208 215 239 256 297 309 327 364 385 388 
Mechanical : 11
18 55 158 240 282 294 343 359 390 404 412 
Electrical : 14
72 97 111 119 186 189 191 218 222 307 318 326 367 368 
------------------------------------------------------------------------------------
DAIICT
Computer Science : 16
3 38 57 100 109 178 203 221 223 296 302 328 370 373 380 425 
Mechanical : 16
21 44 60 67 76 78 123 150 197 200 237 247 265 324 350 351 
Electrical : 12
24 45 94 147 154 177 199 201 216 230 260 270 
------------------------------------------------------------------------------------
NIT-Trichy
Computer Science : 10
14 54 66 254 293 317 321 336 341 349 
Mechanical : 11
4 29 63 64 65 81 88 118 145 160 211 
Electrical : 11
9 50 124 131 142 217 226 269 274 278 315 
------------------------------------------------------------------------------------
IIIT-Vadodara
Computer Science : 11
11 112 116 155 183 185 193 202 295 331 335 
Mechanical : 13
31 47 93 96 108 219 234 273 289 337 371 393 405 
Electrical : 11
23 33 61 102 107 149 205 232 264 338 372 
------------------------------------------------------------------------------------
BITS-Pilani
Computer Science : 13
58 101 130 134 182 300 311 330 347 353 361 378 384 
Mechanical : 13
17 32 37 53 70 77 167 263 287 290 301 308 319 
Electrical : 16
20 39 56 69 79 91 156 184 195 227 261 266 292 303 306 316 
------------------------------------------------------------------------------------
VIT
Computer Science : 13
16 25 46 120 128 141 164 192 246 248 258 352 358 
Mechanical : 14
52 89 136 138 179 206 212 229 241 251 271 276 279 298 
Electrical : 17
6 10 75 90 115 135 137 161 162 169 180 207 268 286 345 377 389 
------------------------------------------------------------------------------------
SRM
Computer Science : 14
1 19 41 95 110 114 152 153 157 188 252 322 333 340 
Mechanical : 16
2 5 49 62 104 113 143 176 190 225 284 288 313 320 339 386 
Electrical : 11
68 85 99 213 235 381 418 426 429 432 440 
------------------------------------------------------------------------------------
IISc-Bangalore
Computer Science : 14
12 48 73 122 125 159 214 231 255 272 291 304 334 346 
Mechanical : 16
28 51 83 84 117 129 144 151 168 175 209 253 262 267 281 285 
Electrical : 15
36 59 127 132 148 171 204 224 242 310 323 348 354 357 395 
------------------------------------------------------------------------------------
PDPU
Computer Science : 14
13 126 146 166 173 194 196 245 257 342 355 356 365 391 
Mechanical : 16
35 71 92 133 163 250 283 312 329 344 374 383 411 423 436 455 
Electrical : 17
121 172 174 220 233 280 299 382 402 403 424 438 445 464 467 482 490 
------------------------------------------------------------------------------------
